Scatterer_ocean
{
	Ocean
	{
		name = Eve
		JNSQTag = True
		m_foamAnsio = 1
		m_foamMipMapBias = 1
		m_whiteCapStr = 1
		shoreFoam = 1
		m_farWhiteCapStr = 0.839999974
		AMP = 0.0500000007
		m_ansio = 2
		m_windSpeed = 13
		m_omega = 1
		m_varianceSize = 4
		m_oceanUpwellingColor = 0.699999988,0.601000011,0.699999988
		m_UnderwaterColor = 0.000150000007,4.99999987E-05,0.000119999997
		m_resolution = 4
		MAX_VERTS = 65000
		oceanScale = 1
		oceanAlpha = 0.970000029
		alphaRadius = 20
		transparencyDepth = 10
		darknessDepth = 200
		refractionIndex = 1
	}
}
