Scatterer_ocean
{
	Ocean
	{
		name = Laythe
		JNSQTag = True
		m_foamAnsio = 1
		m_foamMipMapBias = 1
		m_whiteCapStr = 1
		shoreFoam = 1
		m_farWhiteCapStr = 0.600000024
		AMP = 1
		m_ansio = 2
		m_windSpeed = 6
		m_omega = 0.600000024
		m_varianceSize = 4
		m_oceanUpwellingColor = 0.00999999978,0.0199999996,0.0199999996
		m_UnderwaterColor = 0.00999999978,0.0199999996,0.0199999996
		m_resolution = 4
		MAX_VERTS = 65000
		oceanScale = 1
		oceanAlpha = 0.970000029
		alphaRadius = 20
		transparencyDepth = 10
		darknessDepth = 200
		refractionIndex = 1
	}
}
