Scatterer_ocean
{
	Ocean
	{
		name = Huygen
		m_foamAnsio = 1
		m_foamMipMapBias = 1
		m_whiteCapStr = 0.100000001
		shoreFoam = 1
		m_farWhiteCapStr = 0.600000024
		AMP = 0.119999997
		m_ansio = 1
		m_windSpeed = 4
		m_omega = 0.25
		m_varianceSize = 4
		m_oceanUpwellingColor = 0,0.0350000001,0.0500000007
		m_UnderwaterColor = 0.00999999978,0.0149999997,0.0299999993
		m_resolution = 8
		MAX_VERTS = 65000
		oceanScale = 1
		oceanAlpha = 0.970000029
		alphaRadius = 0
		transparencyDepth = 300
		darknessDepth = 1000
		refractionIndex = 1
	}
}